
Матрица номер 1

Матрица 1:
  3	  6	  0	
  0	  6	  5	
  1	  7	  9	
  6	  0	  6	
  0	  9	  3	

Матрица 2:
  6	
  8	
  8	
  4	
  8	

Матрица 1 - Матрица 2:
  -3	  0	  -6	
  -8	  -2	  -3	
  -7	  -1	  1	
  2	  -4	  2	
  -8	  1	  -5	

Матрица номер 2

Матрица 1:
  7	  8	  1	
  5	  7	  8	
  9	  9	  4	
  8	  6	  3	
  0	  1	  8	

Матрица 2:
  9	
  5	
  0	
  0	
  7	

Матрица 1 - Матрица 2:
  -2	  -1	  -8	
  0	  2	  3	
  9	  9	  4	
  8	  6	  3	
  -7	  -6	  1	

Матрица номер 3

Матрица 1:
  0	  5	  0	
  8	  9	  1	
  9	  7	  2	
  2	  3	  8	
  2	  0	  5	

Матрица 2:
  2	
  6	
  5	
  1	
  4	

Матрица 1 - Матрица 2:
  -2	  3	  -2	
  2	  3	  -5	
  4	  2	  -3	
  1	  2	  7	
  -2	  -4	  1	
